KA|2022-05-17 07:55:14.058445|GetSource|ERR|File Not Found
KA|2022-05-17 07:55:14.058772|GetSource|ERR|File Not Found
KA|2022-05-17 07:55:14.058854|GetSource|ERR|File Not Found
KA|2022-05-17 07:55:14.058917|GetSource|ERR|File Not Found
KA|2022-05-17 07:55:14.058976|GetSource|ERR|File Not Found
KA|2022-05-17 07:55:14.059032|GetSource|ERR|File Not Found
KA|2022-05-17 07:55:14.059088|GetSource|ERR|File Not Found
KA|2022-05-17 09:55:13.293589|GetSource|ERR|File Not Found
KA|2022-05-17 09:55:13.293950|GetSource|ERR|File Not Found
KA|2022-05-17 09:55:13.294568|GetSource|ERR|File Not Found
KA|2022-05-17 09:55:13.294731|GetSource|ERR|File Not Found
KA|2022-05-17 09:55:13.294861|GetSource|ERR|File Not Found
KA|2022-05-17 09:55:13.295018|GetSource|ERR|File Not Found
KA|2022-05-17 09:55:13.295252|GetSource|ERR|File Not Found
KA|2022-05-17 11:55:13.582595|GetSource|ERR|File Not Found
KA|2022-05-17 11:55:13.582908|GetSource|ERR|File Not Found
KA|2022-05-17 11:55:13.583012|GetSource|ERR|File Not Found
KA|2022-05-17 11:55:13.583080|GetSource|ERR|File Not Found
KA|2022-05-17 11:55:13.583153|GetSource|ERR|File Not Found
KA|2022-05-17 11:55:13.583212|GetSource|ERR|File Not Found
KA|2022-05-17 11:55:13.583268|GetSource|ERR|File Not Found
