KA|2022-05-17 07:55:14.058445|GetSource|ERR|File Not Found
KA|2022-05-17 07:55:14.058772|GetSource|ERR|File Not Found
KA|2022-05-17 07:55:14.058854|GetSource|ERR|File Not Found
KA|2022-05-17 07:55:14.058917|GetSource|ERR|File Not Found
KA|2022-05-17 07:55:14.058976|GetSource|ERR|File Not Found
KA|2022-05-17 07:55:14.059032|GetSource|ERR|File Not Found
KA|2022-05-17 07:55:14.059088|GetSource|ERR|File Not Found
KA|2022-05-17 09:55:13.293589|GetSource|ERR|File Not Found
KA|2022-05-17 09:55:13.293950|GetSource|ERR|File Not Found
KA|2022-05-17 09:55:13.294568|GetSource|ERR|File Not Found
KA|2022-05-17 09:55:13.294731|GetSource|ERR|File Not Found
KA|2022-05-17 09:55:13.294861|GetSource|ERR|File Not Found
KA|2022-05-17 09:55:13.295018|GetSource|ERR|File Not Found
KA|2022-05-17 09:55:13.295252|GetSource|ERR|File Not Found
KA|2022-05-17 11:55:13.582595|GetSource|ERR|File Not Found
KA|2022-05-17 11:55:13.582908|GetSource|ERR|File Not Found
KA|2022-05-17 11:55:13.583012|GetSource|ERR|File Not Found
KA|2022-05-17 11:55:13.583080|GetSource|ERR|File Not Found
KA|2022-05-17 11:55:13.583153|GetSource|ERR|File Not Found
KA|2022-05-17 11:55:13.583212|GetSource|ERR|File Not Found
KA|2022-05-17 11:55:13.583268|GetSource|ERR|File Not Found
KA|2022-05-17 19:55:15.135810|GetSource|OK|File Downloaded. Source URL: https://drive.google.com/file/d/1OtGWJ8-1ZJS0yLYfkNFLKkIJ-k19lrnf/view
KA|2022-05-17 19:55:43.544962|ExtractFromPDF|ERR|Fatal error in main loop
KA|2022-05-17 20:55:15.286944|GetSource|OK|File Downloaded. Source URL: https://drive.google.com/file/d/1OtGWJ8-1ZJS0yLYfkNFLKkIJ-k19lrnf/view
KA|2022-05-17 20:55:41.567508|ExtractFromPDF|ERR|Fatal error in main loop
KA|2022-05-17 21:55:14.789622|GetSource|OK|File Downloaded. Source URL: https://drive.google.com/file/d/1OtGWJ8-1ZJS0yLYfkNFLKkIJ-k19lrnf/view
KA|2022-05-17 21:55:36.545191|ExtractFromPDF|ERR|Fatal error in main loop
KA|2022-05-17 22:55:15.697213|GetSource|OK|File Downloaded. Source URL: https://drive.google.com/file/d/1OtGWJ8-1ZJS0yLYfkNFLKkIJ-k19lrnf/view
KA|2022-05-17 22:55:33.301574|ExtractFromPDF|ERR|Fatal error in main loop
KA|2022-05-17 23:55:14.455697|GetSource|OK|File Downloaded. Source URL: https://drive.google.com/file/d/1OtGWJ8-1ZJS0yLYfkNFLKkIJ-k19lrnf/view
KA|2022-05-17 23:55:32.902274|ExtractFromPDF|ERR|Fatal error in main loop
KA|2022-05-18 12:46:15.613263|ExtractFromPDF|OK|COMPLETED
