KA|2022-08-12 07:55:16.139133|GetSource|ERR|File Not Found
KA|2022-08-12 07:55:16.139432|GetSource|ERR|File Not Found
KA|2022-08-12 07:55:16.139512|GetSource|ERR|File Not Found
KA|2022-08-12 07:55:16.139576|GetSource|ERR|File Not Found
KA|2022-08-12 07:55:16.139690|GetSource|ERR|File Not Found
KA|2022-08-12 07:55:16.139785|GetSource|ERR|File Not Found
KA|2022-08-12 07:55:16.139846|GetSource|ERR|File Not Found
KA|2022-08-12 09:55:15.302235|GetSource|ERR|File Not Found
KA|2022-08-12 09:55:15.302498|GetSource|ERR|File Not Found
KA|2022-08-12 09:55:15.302576|GetSource|ERR|File Not Found
KA|2022-08-12 09:55:15.302640|GetSource|ERR|File Not Found
KA|2022-08-12 09:55:15.302701|GetSource|ERR|File Not Found
KA|2022-08-12 09:55:15.302760|GetSource|ERR|File Not Found
KA|2022-08-12 09:55:15.302818|GetSource|ERR|File Not Found
KA|2022-08-12 11:55:12.588473|GetSource|ERR|File Not Found
KA|2022-08-12 11:55:12.588780|GetSource|ERR|File Not Found
KA|2022-08-12 11:55:12.588862|GetSource|ERR|File Not Found
KA|2022-08-12 11:55:12.588926|GetSource|ERR|File Not Found
KA|2022-08-12 11:55:12.588998|GetSource|ERR|File Not Found
KA|2022-08-12 11:55:12.589065|GetSource|ERR|File Not Found
KA|2022-08-12 11:55:12.589123|GetSource|ERR|File Not Found
