KA|2022-08-12 07:55:16.139133|GetSource|ERR|File Not Found
KA|2022-08-12 07:55:16.139432|GetSource|ERR|File Not Found
KA|2022-08-12 07:55:16.139512|GetSource|ERR|File Not Found
KA|2022-08-12 07:55:16.139576|GetSource|ERR|File Not Found
KA|2022-08-12 07:55:16.139690|GetSource|ERR|File Not Found
KA|2022-08-12 07:55:16.139785|GetSource|ERR|File Not Found
KA|2022-08-12 07:55:16.139846|GetSource|ERR|File Not Found
KA|2022-08-12 09:55:15.302235|GetSource|ERR|File Not Found
KA|2022-08-12 09:55:15.302498|GetSource|ERR|File Not Found
KA|2022-08-12 09:55:15.302576|GetSource|ERR|File Not Found
KA|2022-08-12 09:55:15.302640|GetSource|ERR|File Not Found
KA|2022-08-12 09:55:15.302701|GetSource|ERR|File Not Found
KA|2022-08-12 09:55:15.302760|GetSource|ERR|File Not Found
KA|2022-08-12 09:55:15.302818|GetSource|ERR|File Not Found
KA|2022-08-12 11:55:12.588473|GetSource|ERR|File Not Found
KA|2022-08-12 11:55:12.588780|GetSource|ERR|File Not Found
KA|2022-08-12 11:55:12.588862|GetSource|ERR|File Not Found
KA|2022-08-12 11:55:12.588926|GetSource|ERR|File Not Found
KA|2022-08-12 11:55:12.588998|GetSource|ERR|File Not Found
KA|2022-08-12 11:55:12.589065|GetSource|ERR|File Not Found
KA|2022-08-12 11:55:12.589123|GetSource|ERR|File Not Found
KA|2022-08-12 19:55:17.324535|GetSource|OK|File Downloaded. Source URL: https://drive.google.com/file/d/1GiRHh2a7593pnLzy6O6NhOH-HsIk_Acf/view
KA|2022-08-12 19:55:46.092059|ExtractFromPDF|ERR|Fatal error in main loop
KA|2022-08-12 20:55:15.994814|GetSource|OK|File Downloaded. Source URL: https://drive.google.com/file/d/1GiRHh2a7593pnLzy6O6NhOH-HsIk_Acf/view
KA|2022-08-12 20:55:41.417508|ExtractFromPDF|ERR|Fatal error in main loop
KA|2022-08-12 21:55:17.035363|GetSource|OK|File Downloaded. Source URL: https://drive.google.com/file/d/1GiRHh2a7593pnLzy6O6NhOH-HsIk_Acf/view
KA|2022-08-12 21:55:50.017472|ExtractFromPDF|ERR|Fatal error in main loop
KA|2022-08-12 22:55:15.544268|GetSource|OK|File Downloaded. Source URL: https://drive.google.com/file/d/1GiRHh2a7593pnLzy6O6NhOH-HsIk_Acf/view
KA|2022-08-12 22:55:50.178725|ExtractFromPDF|ERR|Fatal error in main loop
KA|2022-08-12 23:55:16.348406|GetSource|OK|File Downloaded. Source URL: https://drive.google.com/file/d/1GiRHh2a7593pnLzy6O6NhOH-HsIk_Acf/view
KA|2022-08-12 23:55:43.629406|ExtractFromPDF|ERR|Fatal error in main loop
KA|2022-08-13 12:29:30.479170|ExtractFromPDF|OK|COMPLETED
