KA|2022-10-12 07:55:15.957125|GetSource|ERR|File Not Found
KA|2022-10-12 07:55:15.957426|GetSource|ERR|File Not Found
KA|2022-10-12 07:55:15.957525|GetSource|ERR|File Not Found
KA|2022-10-12 07:55:15.957591|GetSource|ERR|File Not Found
KA|2022-10-12 07:55:15.957650|GetSource|ERR|File Not Found
KA|2022-10-12 07:55:15.957720|GetSource|ERR|File Not Found
KA|2022-10-12 07:55:15.957779|GetSource|ERR|File Not Found
KA|2022-10-12 09:55:13.503309|GetSource|ERR|File Not Found
KA|2022-10-12 09:55:13.503569|GetSource|ERR|File Not Found
KA|2022-10-12 09:55:13.503655|GetSource|ERR|File Not Found
KA|2022-10-12 09:55:13.503737|GetSource|ERR|File Not Found
KA|2022-10-12 09:55:13.503806|GetSource|ERR|File Not Found
KA|2022-10-12 09:55:13.503875|GetSource|ERR|File Not Found
KA|2022-10-12 09:55:13.503933|GetSource|ERR|File Not Found
KA|2022-10-12 11:55:12.509752|GetSource|ERR|File Not Found
KA|2022-10-12 11:55:12.510032|GetSource|ERR|File Not Found
KA|2022-10-12 11:55:12.510111|GetSource|ERR|File Not Found
KA|2022-10-12 11:55:12.510175|GetSource|ERR|File Not Found
KA|2022-10-12 11:55:12.510234|GetSource|ERR|File Not Found
KA|2022-10-12 11:55:12.510291|GetSource|ERR|File Not Found
KA|2022-10-12 11:55:12.510348|GetSource|ERR|File Not Found
