KA|2022-08-14 07:55:14.305479|GetSource|ERR|File Not Found
KA|2022-08-14 07:55:14.305838|GetSource|ERR|File Not Found
KA|2022-08-14 07:55:14.305923|GetSource|ERR|File Not Found
KA|2022-08-14 07:55:14.305987|GetSource|ERR|File Not Found
KA|2022-08-14 07:55:14.306047|GetSource|ERR|File Not Found
KA|2022-08-14 07:55:14.306104|GetSource|ERR|File Not Found
KA|2022-08-14 07:55:14.306170|GetSource|ERR|File Not Found
KA|2022-08-14 09:55:12.192021|GetSource|ERR|File Not Found
KA|2022-08-14 09:55:12.192306|GetSource|ERR|File Not Found
KA|2022-08-14 09:55:12.192406|GetSource|ERR|File Not Found
KA|2022-08-14 09:55:12.192483|GetSource|ERR|File Not Found
KA|2022-08-14 09:55:12.192546|GetSource|ERR|File Not Found
KA|2022-08-14 09:55:12.192605|GetSource|ERR|File Not Found
KA|2022-08-14 09:55:12.192663|GetSource|ERR|File Not Found
KA|2022-08-14 11:55:12.294601|GetSource|ERR|File Not Found
KA|2022-08-14 11:55:12.294877|GetSource|ERR|File Not Found
KA|2022-08-14 11:55:12.294960|GetSource|ERR|File Not Found
KA|2022-08-14 11:55:12.295026|GetSource|ERR|File Not Found
KA|2022-08-14 11:55:12.295088|GetSource|ERR|File Not Found
KA|2022-08-14 11:55:12.295147|GetSource|ERR|File Not Found
KA|2022-08-14 11:55:12.295203|GetSource|ERR|File Not Found
KA|2022-08-14 19:55:15.822162|GetSource|OK|File Downloaded. Source URL: https://drive.google.com/file/d/1Hm3UlhN8e5l4-T1-9OdCIf0rWb_PTiu5/view
KA|2022-08-14 19:55:40.996796|ExtractFromPDF|ERR|Fatal error in main loop
KA|2022-08-14 20:55:16.330734|GetSource|OK|File Downloaded. Source URL: https://drive.google.com/file/d/1Hm3UlhN8e5l4-T1-9OdCIf0rWb_PTiu5/view
KA|2022-08-14 20:55:39.813297|ExtractFromPDF|ERR|Fatal error in main loop
KA|2022-08-14 21:55:16.940432|GetSource|OK|File Downloaded. Source URL: https://drive.google.com/file/d/1Hm3UlhN8e5l4-T1-9OdCIf0rWb_PTiu5/view
KA|2022-08-14 21:55:50.826496|ExtractFromPDF|ERR|Fatal error in main loop
KA|2022-08-14 22:55:16.205566|GetSource|OK|File Downloaded. Source URL: https://drive.google.com/file/d/1Hm3UlhN8e5l4-T1-9OdCIf0rWb_PTiu5/view
KA|2022-08-14 22:55:41.752716|ExtractFromPDF|ERR|Fatal error in main loop
KA|2022-08-14 23:55:16.205799|GetSource|OK|File Downloaded. Source URL: https://drive.google.com/file/d/1Hm3UlhN8e5l4-T1-9OdCIf0rWb_PTiu5/view
KA|2022-08-14 23:55:43.102495|ExtractFromPDF|ERR|Fatal error in main loop
