KA|2022-08-14 07:55:14.305479|GetSource|ERR|File Not Found
KA|2022-08-14 07:55:14.305838|GetSource|ERR|File Not Found
KA|2022-08-14 07:55:14.305923|GetSource|ERR|File Not Found
KA|2022-08-14 07:55:14.305987|GetSource|ERR|File Not Found
KA|2022-08-14 07:55:14.306047|GetSource|ERR|File Not Found
KA|2022-08-14 07:55:14.306104|GetSource|ERR|File Not Found
KA|2022-08-14 07:55:14.306170|GetSource|ERR|File Not Found
KA|2022-08-14 09:55:12.192021|GetSource|ERR|File Not Found
KA|2022-08-14 09:55:12.192306|GetSource|ERR|File Not Found
KA|2022-08-14 09:55:12.192406|GetSource|ERR|File Not Found
KA|2022-08-14 09:55:12.192483|GetSource|ERR|File Not Found
KA|2022-08-14 09:55:12.192546|GetSource|ERR|File Not Found
KA|2022-08-14 09:55:12.192605|GetSource|ERR|File Not Found
KA|2022-08-14 09:55:12.192663|GetSource|ERR|File Not Found
KA|2022-08-14 11:55:12.294601|GetSource|ERR|File Not Found
KA|2022-08-14 11:55:12.294877|GetSource|ERR|File Not Found
KA|2022-08-14 11:55:12.294960|GetSource|ERR|File Not Found
KA|2022-08-14 11:55:12.295026|GetSource|ERR|File Not Found
KA|2022-08-14 11:55:12.295088|GetSource|ERR|File Not Found
KA|2022-08-14 11:55:12.295147|GetSource|ERR|File Not Found
KA|2022-08-14 11:55:12.295203|GetSource|ERR|File Not Found
